0 3.200000 4.300000
1 3.124467 4.355193
2 3.047983 4.409059
3 2.970570 4.461582
4 2.892252 4.512746
5 2.813053 4.562536
6 2.732998 4.610935
7 2.652110 4.657930
8 2.570413 4.703507
9 2.487934 4.747650
10 2.404698 4.790348
11 2.320728 4.831586
12 2.236052 4.871352
13 2.150695 4.909635
14 2.064682 4.946422
15 1.978041 4.981702
16 1.890797 5.015465
17 1.802977 5.047700
18 1.714608 5.078397
19 1.625716 5.107548
20 1.536330 5.135143
21 1.446475 5.161173
22 1.356180 5.185632
23 1.265472 5.208510
24 1.174378 5.229803
25 1.082926 5.249502
26 0.991145 5.267602
27 0.899062 5.284098
28 0.806705 5.298984
29 0.714102 5.312256
30 0.621281 5.323909
31 0.528272 5.333941
32 0.435101 5.342348
33 0.341798 5.349128
34 0.248391 5.354279
35 0.154908 5.357798
36 0.061378 5.359686
37 -0.032171 5.359941
38 -0.125710 5.358563
39 -0.219211 5.355553
40 -0.312645 5.350911
41 -0.405983 5.344640
42 -0.499198 5.336741
43 -0.592261 5.327216
44 -0.685144 5.316068
45 -0.777817 5.303301
46 -0.870254 5.288918
47 -0.962426 5.272925
48 -1.054305 5.255325
49 -1.145862 5.236124
50 -1.237071 5.215329
51 -1.327902 5.192945
52 -1.418330 5.168979
53 -1.508325 5.143438
54 -1.597860 5.116331
55 -1.686909 5.087665
56 -1.775444 5.057450
57 -1.863439 5.025694
58 -1.950865 4.992407
59 -2.037698 4.957599
60 -2.123909 4.921281
61 -2.209474 4.883464
62 -2.294366 4.844160
63 -2.378558 4.803380
64 -2.462027 4.761137
65 -2.544745 4.717443
66 -2.626688 4.672313
67 -2.707831 4.625759
68 -2.788149 4.577797
69 -2.867618 4.528440
70 -2.946214 4.477703
71 -3.023912 4.425603
72 -3.100689 4.372154
73 -3.176521 4.317374
74 -3.251386 4.261278
75 -3.325260 4.203885
76 -3.398122 4.145210
77 -3.469948 4.085274
78 -3.540717 4.024093
79 -3.610408 3.961686
80 -3.678999 3.898072
81 -3.746470 3.833271
82 -3.812799 3.767302
83 -3.877967 3.700186
84 -3.941953 3.631942
85 -4.004739 3.562593
86 -4.066305 3.492158
87 -4.126632 3.420659
88 -4.185702 3.348118
89 -4.243497 3.274558
90 -4.300000 3.200000
